nickname: ยง7worldwar3z
lastAccountName: worldwar3z
timestamps:
  login: 1603337958405
  logout: 1603338645755
ipAddress: 127.0.0.1
lastlocation:
  world: Islands
  x: 14.11717948743086
  y: 119.15473179307465
  z: 211.53072813881607
  yaw: -69.14987
  pitch: 23.55001
money: '0'
logoutlocation:
  world: Server
  x: -0.9192243141702503
  y: 88.0
  z: 1.7190620905705871
  yaw: -137.15244
  pitch: 7.5198946
